-54.176855067130745
-93.86494657683076
18.703625978354495
79.08550224818796
-63.45328132109363
16.537745281538434
72.04112757496145
-86.3137031995648
14.442439427202999
92.41448188537515
48.74683741576399
15.132747849409057
-53.19197930846935
-99.21364362251737
-97.15751174423153
44.96857993560596
55.04258418594762
2.129883777957204
-35.22342855893747
-19.569039113681015
44.1335238578514
70.57502066196045
12.000603617942701
46.80860157542756
83.21131877868808
-45.10324845659617
-52.07120237105505
0.28619919509655745
-33.80634380101985
-39.7921798038396
19.211584858811364
-4.768860115449442
80.24002428417384
83.81253622409457
-63.63246182049402
-55.24256430828076
-72.89599585141335
-25.015067594207352
98.4279606196105
16.066101335263355
-63.40264383523713
-4.170692038306356
-74.58007961404522
-3.9044473028959032
-87.75193052001846
-73.15621308514565
97.02216660415911
-1.7939968193320368
-70.90134429273965
75.4159477203624
51.08417105528707
-60.75371653661919
62.1146284589866
43.345375061964376
53.09951896468533
83.19664087768598
48.69733543578303
-85.56434523464117
68.21427021928989
13.461664018543857
62.850073497318306
-52.0410775223547
2.497429295563009
-15.11999564146464
-31.229565362473338
-61.331806388681365
